  500      2.040     144.526
  501      2.040     147.898
  502      2.040     136.503
  503      1.964     150.474
  504      2.012     159.630
  505      2.189     140.515
  506      2.118     150.279
  507      2.001     143.159
  508      1.875     160.845
  509      1.875     154.859
  510      2.182     135.134
  511      2.117     143.398
  512      2.144     146.822
  513      2.165     142.516
  514      2.046     148.428
  515      2.082     146.998
  516      1.980     149.480
  517      1.853     141.641
  518      2.184     130.209
  519      2.135     131.491
  520      2.148     134.764
  521      2.001     128.538
  522      2.113     130.419
  523      2.046     137.154
  524      1.992     147.270
  525      2.071     147.435
  526      1.897     144.710
  527      2.069     129.036
  528      2.115     134.433
  529      2.062     129.501
  530      1.860     150.159
  531      1.860     149.325
  532      1.868     151.298
  533      1.861     152.523
  534      1.859     148.457
  535      1.974     144.760
  536      2.112     145.881
  537      2.071     147.543
  538      2.018     142.851
  539      2.221     134.842
  540      2.206     133.706
  541      2.240     123.981
  542      2.147     144.650
  543      2.198     141.831
  544      2.067     146.842
  545      1.997     149.626
  546      1.990     146.406
  547      2.083     141.168
  548      2.125     138.376
  549      2.113     144.671
  550      2.100     137.831
  551      2.164     148.334
  552      2.013     156.989
  553      1.928     161.497
  554      2.063     155.628
  555      2.252     132.745
  556      2.073     152.204
  557      2.022     161.289
  558      2.022     163.480
  559      2.022     157.396
  560      2.103     135.341
  561      2.119     130.794
  562      2.111     134.254
  563      2.070     134.929
  564      2.046     131.947
  565      2.184     128.140
  566      2.152     135.932
  567      2.275     123.628
  568      2.153     129.564
  569      2.037     139.428
  570      1.955     144.895
  571      1.912     150.338
  572      1.999     143.354
  573      2.040     142.354
  574      1.921     143.661
  575      2.226     126.921
  576      2.128     147.583
  577      2.112     145.628
  578      1.996     135.641
  579      2.150     136.160
  580      2.229     130.099
  581      2.010     158.176
  582      1.960     159.618
  583      2.068     137.228
  584      2.110     137.204
  585      2.190     123.402
  586      2.002     145.307
  587      2.140     144.182
  588      2.096     142.844
  589      2.063     142.807
  590      2.182     143.221
  591      2.076     148.770
  592      2.020     146.517
  593      2.044     145.763
  594      2.009     147.113
  595      2.108     142.915
  596      2.066     149.399
  597      2.026     146.690
  598      1.945     155.725
  599      1.994     151.458
  600      1.944     138.155
  601      1.936     144.557
  602      1.936     138.675
  603      1.936     137.325
  604      2.183     122.367
  605      2.156     124.801
  606      2.095     152.964
  607      2.015     157.716
  608      2.108     149.904
  609      2.113     156.610
  610      2.137     141.852
  611      2.118     137.000
  612      2.210     131.812
  613      2.181     132.536
  614      2.075     141.744
  615      2.127     151.610
  616      1.987     133.730
  617      2.011     151.022
  618      2.011     136.690
  619      2.011     153.294
  620      2.011     150.043
  621      1.976     150.919
  622      1.840     142.264
  623      2.117     146.102
  624      2.117     139.662
  625      2.117     148.939
  626      2.117     135.996
  627      1.926     151.576
  628      1.920     150.556
  629      1.911     140.185
  630      2.094     154.685
  631      2.094     131.894
  632      2.105     143.893
  633      1.995     152.596
  634      1.976     147.557
  635      1.869     145.249
  636      1.991     147.881
  637      1.991     117.457
  638      1.917     119.084
  639      1.917     107.988
  640      1.929     142.977
  641      2.127     135.956
  642      2.206     146.198
  643      2.250     141.250
  644      1.967     141.571
  645      1.967     159.456
  646      1.967     141.509
  647      2.010     140.079
  648      1.932     151.276
  649      1.865     146.992
  650      1.887     146.888
  651      1.981     140.145
  652      1.899     145.539
  653      2.055     146.448
  654      2.133     142.541
  655      1.943     165.778
  656      1.943     155.194
  657      2.157     149.033
  658      2.142     150.037
  659      2.175     140.473
  660      2.113     150.981
  661      2.164     147.532
  662      2.240     131.285
  663      2.074     155.660
  664      2.012     152.167
  665      2.021     163.651
  666      2.021     143.799
  667      2.021     141.118
  668      1.888     151.927
  669      1.888     150.409
  670      1.989     149.817
  671      1.989     157.307
  672      1.989     142.158
  673      2.012     151.546
  674      1.857     164.001
  675      1.857     158.988
  676      1.857     156.136
  677      2.025     146.598
  678      1.993     150.103
  679      2.050     141.240
  680      1.988     134.794
  681      2.005     156.387
  682      2.005     141.721
  683      1.966     142.489
  684      2.064     137.071
  685      2.033     146.124
  686      1.901     153.569
  687      1.971     163.014
  688      1.971     146.402
  689      2.086     144.143
  690      2.012     152.014
  691      2.084     153.579
  692      2.022     159.735
  693      2.015     162.130
  694      2.172     150.384
  695      2.152     148.809
  696      2.138     146.897
  697      2.166     141.479
  698      2.008     140.915
  699      1.906     160.028
  700      2.166     134.698
  701      2.103     129.451
  702      2.076     132.540
  703      2.137     138.476
  704      2.176     121.523
  705      2.083     135.856
  706      2.046     139.045
  707      2.136     136.972
  708      2.113     131.167
  709      2.036     136.181
  710      2.107     130.255
  711      2.129     147.072
  712      1.862     159.348
  713      2.105     146.963
  714      2.084     146.585
  715      2.126     143.104
  716      2.150     141.011
  717      2.030     157.006
  718      2.153     143.723
  719      2.177     130.875
  720      2.146     145.189
  721      2.117     146.258
  722      2.171     131.946
  723      2.098     130.204
  724      2.117     131.472
  725      2.219     125.092
  726      2.201     131.585
  727      2.185     123.187
  728      1.928     150.280
  729      2.037     133.653
  730      2.164     123.406
  731      2.012     128.060
  732      2.182     132.424
  733      2.140     124.946
  734      2.118     128.709
  735      2.080     129.991
  736      2.121     134.066
  737      2.089     144.702
  738      2.124     139.845
  739      2.193     131.047
  740      2.210     130.036
  741      2.248     124.491
  742      2.260     126.921
  743      2.243     127.665
  744      2.182     127.115
  745      2.062     133.028
  746      2.053     131.882
  747      2.128     125.457
  748      2.283     114.876
  749      2.154     139.310
  750      2.144     128.646
  751      2.198     126.255
  752      2.223     122.380
  753      2.184     125.502
  754      2.198     126.708
  755      2.116     150.212
  756      2.088     142.491
  757      2.108     138.742
  758      2.052     146.253
  759      2.241     117.167
  760      2.283     118.074
  761      2.169     122.133
  762      2.063     134.221
  763      2.102     127.740
  764      2.063     144.423
  765      2.244     124.617
  766      2.215     124.996
  767      2.270     122.004
  768      2.218     126.379
  769      2.285     120.314
  770      2.203     123.022
  771      2.238     123.463
  772      2.138     125.458
  773      2.094     134.068
  774      2.145     116.457
  775      2.167     119.008
  776      2.060     129.520
  777      2.088     129.436
  778      2.070     136.197
  779      2.114     131.966
  780      2.157     123.529
  781      2.199     128.682
  782      2.158     133.094
  783      2.125     112.744
  784      2.186     131.188
  785      2.242     123.984
  786      2.218     127.285
  787      2.177     125.105
  788      2.117     131.380
  789      2.125     124.094
  790      2.094     130.058
  791      2.089     126.756
  792      2.073     141.872
  793      2.231     113.995
  794      2.212     125.608
  795      2.145     147.477
  796      2.126     141.186
  797      2.145     137.841
  798      2.269     117.284
  799      2.171     141.437
  800      2.149     133.095
  801      2.022     127.186
  802      1.993     146.252
  803      2.048     139.577
  804      1.954     138.266
  805      2.010     145.909
  806      2.067     147.042
  807      2.056     146.258
  808      2.077     145.927
  809      2.143     128.767
  810      2.181     124.713
  811      2.160     141.495
  812      2.063     159.625
  813      2.092     141.015
  814      2.147     125.389
  815      2.159     130.718
  816      1.941     126.650
  817      2.156     139.106
  818      2.104     151.330
  819      2.122     144.080
  820      2.131     146.012
  821      2.155     138.471
  822      2.139     142.948
  823      2.146     129.083
  824      2.130     133.681
  825      2.216     121.753
  826      2.173     140.008
  827      2.224     127.746
  828      2.116     125.956
  829      2.144     138.949
  830      2.104     142.688
  831      2.134     131.991
  832      2.183     128.545
  833      2.203     116.744
  834      2.172     126.384
  835      2.159     125.050
  836      2.192     134.699
  837      2.190     134.454
  838      2.192     133.541
  839      2.181     133.467
  840      2.210     126.222
  841      2.214     129.108
  842      2.214     127.339
  843      2.209     132.039
  844      2.203     132.777
  845      2.171     120.035
  846      2.115     121.679
  847      2.149     116.071
  848      2.244     126.461
  849      2.175     138.981
  850      2.124     144.688
  851      2.144     133.637
  852      2.141     134.577
  853      2.163     138.936
  854      2.191     131.507
  855      2.168     139.852
  856      2.192     125.568
  857      2.184     126.629
  858      2.180     129.248
  859      2.194     133.601
  860      2.192     128.425
  861      2.202     126.576
  862      2.149     139.030
  863      2.136     146.282
  864      2.085     143.744
  865      2.094     144.851
  866      2.202     134.171
  867      2.228     140.637
  868      2.216     133.060
  869      2.122     127.000
  870      2.183     128.680
  871      2.227     125.254
  872      2.266     121.815
  873      2.271     123.307
  874      2.264     121.532
  875      2.176     139.048
  876      2.152     148.091
  877      2.209     139.764
  878      2.237     128.337
  879      2.237     126.752
  880      2.256     126.866
  881      2.267     123.109
  882      2.232     124.985
  883      2.140     128.972
  884      2.118     124.190
  885      2.105     135.412
  886      2.163     124.990
  887      2.255     121.718
  888      2.201     126.721
  889      2.208     124.110
  890      2.226     128.269
  891      2.208     132.015
  892      2.223     120.434
  893      2.269     123.761
  894      2.275     121.132
  895      2.211     125.613
  896      2.185     135.500
  897      2.265     130.365
  898      2.219     134.705
  899      2.145     136.350
  900      2.182     132.368
  901      2.218     124.855
  902      2.211     123.284
  903      2.212     129.639
  904      2.253     126.266
  905      2.220     128.663
  906      2.206     133.470
  907      2.237     127.530
  908      2.227     132.940
  909      2.222     133.450
  910      2.231     125.993
  911      2.223     129.389
  912      2.233     128.823
  913      2.192     135.082
  914      2.207     129.508
  915      2.230     122.799
  916      2.228     125.452
  917      2.221     122.859
  918      2.188     129.583
  919      2.148     136.283
  920      2.236     127.012
  921      2.273     120.764
  922      2.276     125.860
  923      2.224     131.112
  924      2.228     123.696
  925      2.170     135.304
  926      2.163     136.195
  927      2.221     138.439
  928      2.113     128.563
  929      2.136     142.733
  930      2.134     140.130
  931      2.214     134.436
  932      2.308     118.575
  933      2.263     126.907
  934      2.239     122.617
  935      2.235     124.071
  936      2.292     110.299
  937      2.232     123.521
  938      2.252     129.354
  939      2.280     126.596
  940      2.240     124.684
  941      2.235     123.635
  942      2.234     123.327
  943      2.290     120.523
  944      2.250     129.279
  945      2.311     116.559
  946      2.225     131.756
  947      2.183     138.283
  948      2.165     141.471
  949      2.192     139.517
  950      2.240     137.361
  951      2.290     126.485
  952      2.211     139.083
  953      2.193     135.587
  954      2.223     127.127
  955      2.219     131.231
  956      2.234     121.558
  957      2.208     132.063
  958      2.270     118.392
  959      2.223     131.557
  960      2.210     130.593
  961      2.221     130.116
  962      2.217     135.745
  963      2.210     143.525
  964      2.203     143.129
  965      2.252     132.444
  966      2.292     124.342
  967      2.310     117.779
  968      2.308     116.623
  969      2.247     117.065
  970      2.208     119.719
  971      2.212     112.169
  972      2.227     123.843
  973      2.262     118.350
  974      2.238     114.901
  975      2.183     126.191
  976      2.210     118.357
  977      2.203     123.159
  978      2.232     118.923
  979      2.224     122.600
  980      2.186     122.271
  981      2.146     121.714
  982      2.080     143.540
  983      2.063     151.879
  984      2.047     148.022
  985      2.214     120.714
  986      2.254     115.802
  987      2.222     113.260
  988      2.212     123.837
  989      2.263     120.984
  990      2.199     132.608
  991      2.234     124.762
  992      2.209     133.704
  993      2.235     127.320
  994      2.247     122.247
  995      2.245     120.716
  996      2.216     131.465
  997      2.218     131.690
  998      2.213     131.791
  999      2.232     130.893
 1000      2.231     129.886
 1001      2.244     125.397
 1002      2.232     132.107
 1003      2.195     136.179
 1004      2.243     126.102
 1005      2.219     121.423
 1006      2.229     122.407
 1007      2.240     122.668
 1008      2.232     127.530
 1009      2.191     122.579
 1010      2.250     124.615
 1011      2.231     130.114
 1012      2.211     134.280
 1013      2.234     126.378
 1014      2.222     130.066
 1015      2.256     121.270
 1016      2.208     112.804
 1017      2.173     114.464
 1018      2.148     110.133
 1019      2.178     132.639
 1020      2.191     135.585
 1021      2.267     119.451
 1022      2.265     120.825
 1023      2.201     136.650
 1024      2.282     120.443
 1025      2.244     126.430
 1026      2.216     130.508
 1027      2.210     134.311
 1028      2.229     135.906
 1029      2.221     134.707
 1030      2.259     126.691
 1031      2.225     129.978
 1032      2.206     130.906
 1033      2.227     127.955
 1034      2.237     127.079
 1035      2.265     116.306
 1036      2.271     114.088
 1037      2.262     123.372
 1038      2.272     127.963
 1039      2.243     128.019
 1040      2.206     133.027
 1041      2.215     132.922
 1042      2.188     137.258
 1043      2.201     137.332
 1044      2.211     132.707
 1045      2.271     116.072
 1046      2.231     122.453
 1047      2.250     121.403
 1048      2.199     134.199
 1049      2.213     134.060
 1050      2.277     119.515
 1051      2.239     123.889
 1052      2.198     136.854
 1053      2.208     134.946
 1054      2.230     128.313
 1055      2.247     117.944
 1056      2.228     116.884
 1057      2.237     119.228
 1058      2.232     116.362
 1059      2.216     116.307
 1060      2.233     115.374
 1061      2.187     117.224
 1062      2.172     117.203
 1063      2.130     117.510
 1064      2.159     118.346
 1065      2.218     114.210
 1066      2.245     105.687
 1067      2.119     122.637
 1068      2.136     119.240
 1069      2.096     120.647
 1070      2.108     119.540
 1071      2.101     124.289
 1072      2.112     123.660
 1073      2.249     132.212
 1074      2.246     127.329
 1075      2.259     123.776
 1076      2.235     132.650
 1077      2.249     128.303
 1078      2.299     113.734
 1079      2.284     119.905
 1080      2.212     131.095
 1081      2.248     124.836
 1082      2.231     125.622
 1083      2.262     117.843
 1084      2.241     125.831
 1085      2.215     133.846
 1086      2.241     128.114
 1087      2.249     119.664
 1088      2.265     115.104
 1089      2.233     117.355
 1090      2.280     115.146
 1091      2.276     113.113
 1092      2.229     115.692
 1093      2.126     117.953
 1094      2.115     118.357
 1095      2.157     120.989
 1096      2.261     120.391
 1097      2.263     126.547
 1098      2.229     129.973
 1099      2.248     128.778
 1100      2.229     129.509
 1101      2.251     127.979
 1102      2.212     135.881
 1103      2.206     135.630
 1104      2.247     128.666
 1105      2.208     134.526
 1106      2.239     130.647
 1107      2.285     117.128
 1108      2.245     127.616
 1109      2.278     119.485
 1110      2.259     123.273
 1111      2.228     130.621
 1112      2.295     119.919
 1113      2.287     112.898
 1114      2.225     111.043
 1115      2.247     108.938
 1116      2.222     116.011
 1117      2.259     116.063
 1118      2.236     112.768
 1119      2.255     110.816
 1120      2.259     112.939
 1121      2.250     118.056
 1122      2.265     116.557
 1123      2.274     120.026
 1124      2.270     122.856
 1125      2.251     125.353
 1126      2.246     127.496
 1127      2.211     133.223
 1128      2.237     134.422
 1129      2.223     132.090
 1130      2.252     131.134
 1131      2.254     127.454
 1132      2.223     130.492
 1133      2.223     131.073
 1134      2.262     127.331
 1135      2.235     115.804
 1136      2.166     118.821
 1137      2.129     119.307
 1138      2.035     128.720
 1139      2.041     129.035
 1140      2.045     124.729
 1141      2.162     118.374
 1142      2.254     114.868
 1143      2.239     114.407
 1144      2.266     119.268
 1145      2.212     126.979
 1146      2.240     118.249
 1147      2.274     114.122
 1148      2.273     113.540
 1149      2.280     115.710
 1150      2.222     130.075
 1151      2.225     127.885
 1152      2.249     124.617
 1153      2.262     115.498
 1154      2.256     127.165
 1155      2.241     127.065
 1156      2.238     128.031
 1157      2.283     113.747
 1158      2.262     113.808
 1159      2.258     120.270
 1160      2.200     113.514
 1161      2.072     122.299
 1162      2.062     123.767
 1163      2.229     113.608
 1164      2.284     111.010
 1165      2.230     115.683
 1166      2.076     120.839
 1167      2.050     120.945
 1168      2.052     123.389
 1169      2.289     117.537
 1170      2.278     120.135
 1171      2.249     125.732
 1172      2.295     107.490
 1173      2.255     110.638
 1174      2.214     110.325
 1175      2.162     115.227
 1176      2.247     114.077
 1177      2.224     125.009
 1178      2.254     112.174
 1179      2.117     111.966
 1180      2.123     119.013
 1181      2.279     113.796
 1182      2.287     114.187
 1183      2.259     126.059
 1184      2.282     114.260
 1185      2.279     117.200
 1186      2.266     114.147
 1187      2.134     119.264
 1188      2.158     117.734
 1189      2.206     114.846
 1190      2.214     116.675
 1191      2.264     108.600
 1192      2.281     126.849
 1193      2.279     108.331
 1194      2.269     109.551
 1195      2.282     110.764
 1196      2.291     109.274
 1197      2.269     117.135
 1198      2.262     112.729
 1199      2.259     107.923
 1200      2.289     107.688
 1201      2.218     124.033
 1202      2.192     121.787
 1203      2.260     120.561
 1204      2.320     108.289
 1205      2.253     117.203
 1206      2.213     111.011
 1207      2.143     117.439
 1208      2.162     121.632
 1209      2.299     111.299
 1210      2.299     109.627
 1211      2.222     114.508
 1212      2.167     118.683
 1213      2.267     116.356
 1214      2.222     132.559
 1215      2.260     124.428
 1216      2.274     115.899
 1217      2.149     115.799
 1218      2.129     117.761
 1219      2.136     120.716
 1220      2.106     117.641
 1221      2.072     120.351
 1222      2.069     121.317
 1223      2.086     123.523
 1224      2.061     118.863
 1225      2.080     114.934
 1226      2.034     121.912
 1227      2.042     118.800
 1228      2.276     110.849
 1229      2.272     117.518
 1230      2.234     127.203
 1231      2.245     132.922
 1232      2.344     108.461
 1233      2.291     119.281
 1234      2.315     118.360
 1235      2.288     124.786
 1236      2.301     116.984
 1237      2.231     134.974
 1238      2.260     122.359
 1239      2.291     112.629
 1240      2.179     117.070
 1241      2.124     120.378
 1242      2.140     117.717
 1243      2.182     114.815
 1244      2.070     125.574
 1245      2.047     121.120
 1246      2.029     121.234
 1247      2.038     120.350
 1248      2.179     133.208
 1249      2.307     116.472
 1250      2.307     113.014
 1251      2.295     111.620
 1252      2.213     114.165
 1253      2.136     118.703
 1254      2.179     122.313
 1255      2.292     113.279
 1256      2.312     112.635
 1257      2.339     107.656
 1258      2.312     109.817
 1259      2.205     114.485
 1260      2.178     120.036
 1261      2.239     120.767
 1262      2.229     114.933
 1263      2.270     116.126
 1264      2.304     108.779
 1265      2.270     107.573
 1266      2.256     110.886
 1267      2.322     111.964
 1268      2.128     114.201
 1269      2.053     119.086
 1270      2.047     120.543
 1271      2.116     117.989
 1272      2.156     115.634
 1273      2.234     116.879
 1274      2.212     128.960
 1275      2.271     117.638
 1276      2.299     112.159
 1277      2.321     113.920
 1278      2.289     113.889
 1279      2.179     111.577
 1280      2.157     111.325
 1281      2.209     116.576
 1282      2.299     113.618
 1283      2.352     110.252
 1284      2.204     110.937
 1285      2.121     115.440
 1286      2.118     115.280
 1287      2.086     117.180
 1288      2.123     116.969
 1289      2.248     112.240
 1290      2.267     127.557
 1291      2.328     109.359
 1292      2.321     111.811
 1293      2.292     111.573
 1294      2.156     114.198
 1295      2.116     117.014
 1296      2.132     117.252
 1297      2.119     117.018
 1298      2.313     112.807
 1299      2.261     112.557
 1300      2.301     110.693
 1301      2.267     121.378
 1302      2.334     113.981
 1303      2.338     109.557
 1304      2.290     122.371
 1305      2.310     103.765
 1306      2.278     122.024
 1307      2.370     104.281
 1308      2.292     117.147
 1309      2.345     107.216
 1310      2.246     113.813
 1311      2.163     117.368
 1312      2.138     116.363
 1313      2.170     115.131
 1314      2.335     112.340
 1315      2.293     117.963
 1316      2.353     109.565
 1317      2.327     106.982
 1318      2.235     111.138
 1319      2.278     112.195
 1320      2.323     106.731
 1321      2.142     115.137
 1322      2.140     113.030
 1323      2.090     119.039
 1324      2.238     118.790
 1325      2.242     115.136
 1326      2.281     108.587
 1327      2.283     110.396
 1328      2.288     113.157
 1329      2.304     112.089
 1330      2.303     110.635
 1331      2.304     111.154
 1332      2.183     114.962
 1333      2.143     112.756
 1334      2.099     116.982
 1335      2.103     115.095
 1336      2.092     117.217
 1337      2.071     115.048
 1338      2.062     116.218
 1339      2.135     112.170
 1340      2.069     116.726
 1341      2.167     113.249
 1342      2.065     120.106
 1343      2.062     118.255
 1344      2.092     117.554
 1345      2.080     112.891
 1346      2.141     114.979
 1347      2.229     109.268
 1348      2.094     114.001
 1349      2.239     114.823
 1350      2.321     108.850
 1351      2.289     115.669
 1352      2.355     112.418
 1353      2.330     109.303
 1354      2.263     111.899
 1355      2.254     111.784
 1356      2.271     109.946
 1357      2.280     110.746
 1358      2.265     111.547
 1359      2.182     114.744
 1360      2.191     112.997
 1361      2.171     113.654
 1362      2.127     114.460
 1363      2.114     113.618
 1364      2.053     115.363
 1365      2.098     115.849
 1366      2.168     114.811
 1367      2.095     115.877
 1368      2.089     112.985
 1369      2.066     114.354
 1370      2.068     115.857
 1371      2.065     113.134
 1372      2.094     110.890
 1373      2.099     114.522
 1374      2.123     109.859
 1375      2.240     110.312
 1376      2.192     106.780
 1377      2.184     109.695
 1378      2.084     113.770
 1379      2.105     114.763
 1380      2.157     113.097
 1381      2.093     113.759
 1382      2.093     114.566
 1383      2.088     111.871
 1384      2.053     114.727
 1385      2.086     115.995
 1386      2.165     112.673
 1387      2.124     112.398
 1388      2.106     112.563
 1389      2.148     109.773
 1390      2.102     111.742
 1391      2.105     114.387
 1392      2.113     115.913
 1393      2.145     116.430
 1394      2.192     109.100
 1395      2.169     105.085
 1396      2.130     112.901
 1397      2.175     105.778
 1398      2.180     105.370
 1399      2.089     108.933
 1400      2.110     108.027
 1401      2.232      95.192
 1402      2.118     105.656
 1403      2.120     109.201
 1404      2.147     107.610
 1405      2.107     111.941
 1406      2.106     113.402
 1407      2.091     111.531
 1408      2.092     109.062
 1409      2.101     107.589
 1410      2.115     109.113
 1411      2.181     103.875
 1412      2.155     106.137
 1413      2.114     107.898
 1414      2.126     104.557
 1415      2.138     107.964
 1416      2.201     109.319
 1417      2.243     114.796
 1418      2.353      87.223
 1419      2.180      99.356
 1420      2.165     105.450
 1421      2.147     105.730
 1422      2.112     105.963
 1423      2.246      98.705
 1424      2.162     103.542
 1425      2.131     104.337
 1426      2.139     105.764
 1427      2.201     105.178
 1428      2.323     110.122
 1429      2.301     109.195
 1430      2.313     108.706
 1431      2.253     109.597
 1432      2.283     118.026
 1433      2.305     110.799
 1434      2.217     127.715
 1435      2.262     124.723
 1436      2.250     127.567
 1437      2.328     112.746
 1438      2.343     107.317
 1439      2.244     129.106
 1440      2.275     121.281
 1441      2.296     116.483
 1442      2.278     111.622
 1443      2.213     108.111
 1444      2.169     106.988
 1445      2.191     109.131
 1446      2.204     106.618
 1447      2.158     107.940
 1448      2.080     108.945
 1449      2.131     108.953
 1450      2.135     112.815
 1451      2.201     103.628
 1452      2.235      98.164
 1453      2.160     104.896
 1454      2.151     106.926
 1455      2.194     101.099
 1456      2.324      91.070
 1457      2.225     101.556
 1458      2.212      99.334
 1459      2.153     109.100
 1460      2.245     117.923
 1461      2.222     125.715
 1462      2.259     123.199
 1463      2.330     107.852
 1464      2.373     107.491
 1465      2.334     108.880
 1466      2.341     103.802
 1467      2.310     115.006
 1468      2.295     115.597
 1469      2.282     118.344
 1470      2.284     115.045
 1471      2.177     116.877
 1472      2.155     109.443
 1473      2.258     108.967
 1474      2.210     108.100
 1475      2.201     111.329
 1476      2.143     112.770
 1477      2.045     118.190
 1478      2.111     112.278
 1479      2.152     107.213
 1480      2.159     108.072
 1481      2.162     106.470
 1482      2.162     106.143
 1483      2.155     105.083
 1484      2.127     112.949
 1485      2.140     108.945
 1486      2.132     111.276
 1487      2.129     112.325
 1488      2.113     111.530
 1489      2.123     109.784
 1490      2.130     111.733
 1491      2.148     107.576
 1492      2.145     108.344
 1493      2.222     100.651
 1494      2.170     101.963
 1495      2.136     107.783
 1496      2.142     106.578
 1497      2.124     109.231
 1498      2.123     108.774
 1499      2.127     108.277
 1500      2.136     110.026
